[gd_scene load_steps=6 format=1]

[ext_resource path="res://Scenes/hex_land.scn" type="PackedScene" id=1]
[ext_resource path="res://Scenes/crates.scn" type="PackedScene" id=2]
[ext_resource path="res://Assets/pngs/blue_bg.png" type="Texture" id=3]

[sub_resource type="Environment" id=1]

ambient_light/enabled = false
ambient_light/color = Color( 0, 0, 0, 1 )
ambient_light/energy = 1.0
fxaa/enabled = false
background/mode = 3
background/color = Color( 0, 0, 0, 1 )
background/texture = ExtResource( 3 )
background/energy = 1.0
background/scale = 1.0
background/glow = 0.0
background/canvas_max_layer = null
glow/enabled = false
glow/blur_passes = 1
glow/blur_scale = 1
glow/blur_strength = 1
glow/blur_blend_mode = null
glow/bloom = 0.0
glow/bloom_treshold = 0.5
dof_blur/enabled = false
dof_blur/blur_passes = 1
dof_blur/begin = 100.0
dof_blur/range = 10.0
hdr/enabled = false
hdr/tonemapper = 0
hdr/exposure = 0.4
hdr/white = 1.0
hdr/glow_treshold = 0.95
hdr/glow_scale = 0.2
hdr/min_luminance = 0.4
hdr/max_luminance = 8.0
hdr/exposure_adj_speed = 0.5
fog/enabled = false
fog/begin = 100.0
fog/begin_color = Color( 0, 0, 0, 1 )
fog/end_color = Color( 0, 0, 0, 1 )
fog/attenuation = 1.0
fog/bg = true
bcs/enabled = false
bcs/brightness = 1.0
bcs/contrast = 1.0
bcs/saturation = 1.0
srgb/enabled = false

[sub_resource type="Animation" id=2]

length = 5.0
loop = true
step = 0.1
tracks/0/type = "value"
tracks/0/path = NodePath("Spatial:transform/rotation")
tracks/0/interp = 1
tracks/0/imported = false
tracks/0/keys = {
"times": FloatArray( 0, 5 ),
"transitions": FloatArray( 1, 1 ),
"update": 0,
"values": [ Vector3( 0, 0, 0 ), Vector3( 0, 360, 0 ) ]
}

[node name="rotating_hex_land" type="Spatial"]

_import_transform = Transform( 1, 0, 0, 0, 1, 0, 0, 0, 1, 0, 0, 0 )

[node name="Spatial" type="Spatial" parent="."]

_import_transform = Transform( 1, 0, 0, 0, 1, 0, 0, 0, 1, 0, 0, 0 )
transform/local = Transform( -0.639896, 0, 0.768461, 0, 1, 0, -0.768461, 0, -0.639896, 0, 0, 0 )

[node name="hex_land" parent="Spatial" instance=ExtResource( 1 )]

editor/display_folded = true

[node name="Cylinder" parent="Spatial/hex_land"]

transform/local = Transform( 10, 0, 0, 0, 1.5, 0, 0, 0, 10, 0, 0, 0 )

[node name="crates" parent="Spatial" instance=ExtResource( 2 )]

transform/local = Transform( 0.906308, -0.422618, 2.98023e-08, 0.422618, 0.906308, 0, 0, 0, 1, 0, 3.19652, 0 )

[node name="Camera" type="Camera" parent="."]

_import_transform = Transform( 1, 0, 0, 0, 1, 0, 0, 0, 1, 0, 0, 0 )
transform/local = Transform( -0.870476, -0.275307, -0.408017, -0.249282, 0.961356, -0.116845, 0.424418, 0, -0.905467, -1.85586, 3.85766, -25.7692 )
projection = 0
fov = 65.0
near = 0.1
far = 100.0
keep_aspect = 1
current = false
visible_layers = 1048575
environment = SubResource( 1 )
h_offset = 0.0
v_offset = 0.0

[node name="DirectionalLight" type="DirectionalLight" parent="."]

_import_transform = Transform( 1, 0, 0, 0, 1, 0, 0, 0, 1, 0, 0, 0 )
transform/local = Transform( 0.915968, -0.128188, -0.380224, -0.00691451, -0.952498, 0.304467, -0.401192, -0.276253, -0.873344, -14.9049, 13.1899, -29.816 )
layers = 1
params/enabled = true
params/editor_only = false
params/bake_mode = 0
params/energy = 1.0
colors/diffuse = Color( 1, 1, 1, 1 )
colors/specular = Color( 1, 1, 1, 1 )
shadow/shadow = false
shadow/darkening = 0.0
shadow/z_offset = 0.05
shadow/z_slope_scale = 0.0
shadow/esm_multiplier = 60.0
shadow/blur_passes = 1.0
projector = null
operator = 0
shadow/mode = 0
shadow/max_distance = 0.0
shadow/split_weight = 0.5
shadow/zoffset_scale = 2.0

[node name="DirectionalLight1" type="DirectionalLight" parent="."]

_import_transform = Transform( 1, 0, 0, 0, 1, 0, 0, 0, 1, 0, 0, 0 )
transform/local = Transform( 0.915968, -0.128188, -0.380224, 0.328247, 0.78438, 0.526309, 0.230774, -0.60689, 0.760545, 20.5564, -2.95075, 52.322 )
layers = 1
params/enabled = true
params/editor_only = false
params/bake_mode = 0
params/energy = 1.0
colors/diffuse = Color( 1, 1, 1, 1 )
colors/specular = Color( 1, 1, 1, 1 )
shadow/shadow = false
shadow/darkening = 0.0
shadow/z_offset = 0.05
shadow/z_slope_scale = 0.0
shadow/esm_multiplier = 60.0
shadow/blur_passes = 1.0
projector = null
operator = 0
shadow/mode = 0
shadow/max_distance = 0.0
shadow/split_weight = 0.5
shadow/zoffset_scale = 2.0

[node name="DirectionalLight2" type="DirectionalLight" parent="."]

_import_transform = Transform( 1, 0, 0, 0, 1, 0, 0, 0, 1, 0, 0, 0 )
transform/local = Transform( 0.0696241, -0.23728, 0.968943, -0.92204, -0.386059, -0.0282863, 0.380781, -0.891435, -0.245661, 55.0314, 9.20032, -14.5902 )
layers = 1
params/enabled = true
params/editor_only = false
params/bake_mode = 0
params/energy = 1.0
colors/diffuse = Color( 1, 1, 1, 1 )
colors/specular = Color( 1, 1, 1, 1 )
shadow/shadow = false
shadow/darkening = 0.0
shadow/z_offset = 0.05
shadow/z_slope_scale = 0.0
shadow/esm_multiplier = 60.0
shadow/blur_passes = 1.0
projector = null
operator = 0
shadow/mode = 0
shadow/max_distance = 0.0
shadow/split_weight = 0.5
shadow/zoffset_scale = 2.0

[node name="AnimationPlayer" type="AnimationPlayer" parent="."]

playback/process_mode = 1
playback/default_blend_time = 0.0
root/root = NodePath("..")
anims/rotate = SubResource( 2 )
playback/active = true
playback/speed = 1.0
blend_times = [  ]
autoplay = "rotate"


[editable path="Spatial/hex_land"]
